   -8.470412     -8.908841     1
   -8.786828     -9.217566     1
   -8.792871     -8.106510     1
   -8.029603     -8.236885     1
   -9.729728     -8.966155     1
   -8.985809     -9.156285     1
   -9.404523     -8.414075     1
   -8.675924     -8.243721     1
   -8.833277     -8.328440     1
   -8.094302     -8.501175     1
   -9.011078     -8.761315     1
   -8.949126     -8.866420     1
   -8.698508     -9.253578     1
   -9.376934     -9.351115     1
   -9.188940     -9.123936     1
   -9.134800     -9.470809     1
   -9.457015     -9.305155     1
   -9.980224     -8.324656     1
   -8.990692     -9.593005     1
   -9.419538     -8.921903     1
   -9.940245     -9.664174     1
   -9.875484     -8.208930     1
   -9.399152     -9.122471     1
   -8.951994     -9.462691     1
   -8.884426     -8.774438     1
   -8.376598     -8.763207     1
   -9.490585     -9.236427     1
   -9.231178     -9.725944     1
   -9.767815     -8.971831     1
   -9.040742     -9.207617     1
   -9.449934     -9.138951     1
   -8.904569     -9.782891     1
   -9.419416     -8.163640     1
   -8.252815     -8.163701     1
   -8.609210     -9.125401     1
   -8.431227     -9.214270     1
   -8.365368     -8.816492     1
   -9.794183     -8.594256     1
   -9.724174     -9.480331     1
   -8.082888     -8.011536     1
   -9.095920     -8.487625     1
   -9.453719     -8.980804     1
   -8.952361     -9.188269     1
   -8.422437     -8.091556     1
   -8.520524     -8.597125     1
   -8.575457     -9.167272     1
   -9.633900     -8.390393     1
   -8.656209     -9.093478     1
   -8.880764     -9.021210     1
   -8.433485     -9.524766     1
   -0.564440      1.418989      2
   -0.066805      0.457289      2
   -0.366741      0.737449      2
    0.231971      1.123753      2
    0.931883      1.998718      2
    0.832209      0.057741      2
   -0.128025      0.777978      2
   -0.112033      1.757012      2
   -0.019684      1.601917      2
    0.142247      0.899869      2
   -0.233009      0.833522      2
   -0.107517      0.710349      2
    0.629200      1.480758      2
   -0.846919      0.810327      2
    0.326456      1.187963      2
    0.286782      0.337657      2
    0.062838      0.673544      2
    0.253517      1.786248      2
   -0.012299      1.438093      2
   -0.209876      0.849513      2
    0.008332      1.761284      2
    0.218360      0.965789      2
   -0.272256      1.469344      2
    0.175817      0.717795      2
    0.001740      1.611560      2
   -0.567431      0.592792      2
   -0.364299      0.065981      2
    0.481613      0.795679      2
    0.275552      1.269753      2
    0.506760      1.122105      2
   -0.237709      1.689810      2
   -0.371075      1.949461      2
    0.021210      0.019837      2
    0.372478      1.418806      2
   -0.135350      0.902310      2
   -0.404584      1.964660      2
    0.641835      1.624012      2
    0.369182      0.648762      2
   -0.661733      0.242256      2
   -0.048860      0.418714      2
    0.136998      1.751274      2
    0.235817      0.414930      2
    0.008942      1.405011      2
   -0.408918      1.183752      2
   -0.684805      1.411115      2
    0.061312      1.867916      2
    0.442366      0.278268      2
    0.332255      1.335185      2
   -0.098666      1.190893      2
    0.782647      0.679647      2
    8.334208      7.277993      3
    8.678579      6.891079      3
    7.144536      6.057009      3
    8.038850      7.772637      3
    7.135685      6.410291      3
    7.917997      6.613971      3
    7.069338      7.312174      3
    7.907620      7.361919      3
    7.622944      6.094241      3
    8.495041      6.742027      3
    7.978362      6.658956      3
    8.773858      7.121738      3
    8.513474      7.229469      3
    7.149174      7.781915      3
    7.350597      7.807245      3
    8.126682      6.938383      3
    8.123936      7.779046      3
    8.034639      7.048860      3
    8.026887      7.280129      3
    8.451949      7.168798      3
    7.497330      6.636189      3
    7.900906      6.936247      3
    8.185400      7.464461      3
    7.347911      6.956633      3
    7.596210      7.209449      3
    7.065676      6.589251      3
    7.488601      6.207526      3
    7.418897      6.327647      3
    7.393445      6.391552      3
    7.288888      7.158361      3
    8.096164      7.697562      3
    8.739433      6.419691      3
    8.165380      7.022065      3
    8.021821      7.090609      3
    8.191626      6.907682      3
    8.669546      6.748497      3
    7.585894      6.764000      3
    7.587115      6.868496      3
    8.716361      7.450667      3
    8.261940      7.867183      3
    8.366802      6.938810      3
    8.143345      7.355571      3
    8.132847      7.666372      3
    7.457045      6.913846      3
    8.847774      6.850795      3
    7.743614      7.676321      3
    7.868068      6.587481      3
    8.018097      6.468642      3
    8.231239      7.472945      3
    8.240089      6.788354      3
   -3.423048     -5.822291     4
   -4.182714     -5.895535     4
   -3.444472     -5.496292     4
   -4.383221     -6.818720     4
   -4.935667     -5.652364     4
   -3.885647     -6.131932     4
   -4.652028     -6.593921     4
   -3.698508     -6.423261     4
   -4.512070     -5.688559     4
   -4.712516     -5.985137     4
   -3.388806     -5.201666     4
   -3.585772     -6.648305     4
   -4.508530     -6.261818     4
   -4.716422     -6.476608     4
   -4.160619     -5.492019     4
   -4.062044     -6.288797     4
   -3.419385     -6.628956     4
   -4.823725     -6.464278     4
   -4.552782     -6.260475     4
   -4.832698     -6.247902     4
   -3.530534     -5.214301     4
   -3.241523     -6.078524     4
   -3.607440     -6.027863     4
   -3.980010     -5.852931     4
   -4.625111     -5.643513     4
   -3.628254     -5.594440     4
   -4.236793     -6.360576     4
   -3.749046     -6.222510     4
   -3.925016     -6.323649     4
   -3.281503     -6.989929     4
   -4.071322     -6.444807     4
   -3.705893     -5.211005     4
   -4.823481     -6.069552     4
   -3.927885     -6.071444     4
   -4.264138     -5.690451     4
   -3.230964     -5.354564     4
   -4.687063     -6.041475     4
   -3.049928     -5.604694     4
   -4.034516     -6.473922     4
   -3.106388     -6.110813     4
   -3.982757     -5.984954     4
   -3.658528     -5.558733     4
   -4.680715     -6.492355     4
   -4.034333     -5.946745     4
   -4.161596     -6.361919     4
   -4.234352     -6.115513     4
   -4.075228     -6.461226     4
   -4.627308     -6.863277     4
   -3.335582     -6.091891     4
   -4.264077     -6.103305     4
